canvas 0 0 400 400
shape R rectangle
motion R 1 50 150 300 100 200 100 200 0.00   11 59 159 289 87 210 98 205 2.78
motion R 11 59 159 289 87 210 98 205 2.78   21 63 166 277 105 220 96 210 -0.08
motion R 21 63 166 277 105 220 96 210 -0.08   31 73 174 293 98 230 94 215 2.88
motion R 31 73 174 293 98 230 94 215 2.88   41 88 184 286 102 240 92 220 2.02
motion R 41 88 184 286 102 240 92 220 2.02   51 86 201 284 122 250 90 225 1.74
motion R 51 86 201 284 122 250 90 225 1.74   61 69 177 279 146 5 88 230 4.35
motion R 61 69 177 279 146 5 88 230 4.35   71 54 155 298 137 15 86 235 2.16
motion R 71 54 155 298 137 15 86 235 2.16   81 38 161 308 143 25 84 240 5.25
motion R 81 38 161 308 143 25 84 240 5.25   91 18 137 289 125 35 82 245 3.64
motion R 91 18 137 289 125 35 82 245 3.64   101 37 130 283 137 45 80 250 4.02
motion R 101 37 130 283 137 45 80 250 4.02   111 18 110 273 117 55 78 0 5.51
motion R 111 18 110 273 117 55 78 0 5.51   121 16 97 278 132 65 76 5 2.79
motion R 121 16 97 278 132 65 76 5 2.79   131 12 88 294 135 75 74 10 6.81
motion R 131 12 88 294 135 75 74 10 6.81   141 9 96 313 124 85 72 15 5.25
motion R 141 9 96 313 124 85 72 15 5.25   151 -8 119 298 109 95 70 20 6.77
motion R 151 -8 119 298 109 95 70 20 6.77   161 2 119 279 109 105 68 25 7.99
motion R 161 2 119 279 109 105 68 25 7.99   171 -21 105 263 120 115 66 30 5.84
motion R 171 -21 105 263 120 115 66 30 5.84   181 -3 108 269 111 125 64 35 9.15
motion R 181 -3 108 269 111 125 64 35 9.15   191 -16 111 263 90 135 62 40 7.16
motion R 191 -16 111 263 90 135 62 40 7.16   201 -4 105 250 92 145 60 45 9.76
motion R 201 -4 105 250 92 145 60 45 9.76   211 -8 104 250 115 155 58 50 10.30
motion R 211 -8 104 250 115 155 58 50 10.30   221 8 86 242 125 165 56 55 9.50
motion R 221 8 86 242 125 165 56 55 9.50   231 10 62 228 134 175 54 60 12.60
motion R 231 10 62 228 134 175 54 60 12.60   241 11 72 228 126 185 52 65 10.10
motion R 241 11 72 228 126 185 52 65 10.10   251 28 72 225 143 195 50 70 12.81
motion R 251 28 72 225 143 195 50 70 12.81   261 35 60 233 166 205 48 75 12.22
motion R 261 35 60 233 166 205 48 75 12.22   271 15 72 221 183 215 46 80 11.82
motion R 271 15 72 221 183 215 46 80 11.82   281 10 54 218 169 225 44 85 14.95
motion R 281 10 54 218 169 225 44 85 14.95   291 31 34 198 151 235 42 90 12.34
motion R 291 31 34 198 151 235 42 90 12.34   301 13 45 193 138 245 40 95 15.84
motion R 301 13 45 193 138 245 40 95 15.84   311 6 38 199 151 0 38 100 14.45
motion R 311 6 38 199 151 0 38 100 14.45   321 7 34 204 138 10 36 105 14.54
motion R 321 7 34 204 138 10 36 105 14.54   331 25 25 204 121 20 34 110 17.12
motion R 331 25 25 204 121 20 34 110 17.12   341 28 42 222 121 30 32 115 14.56
motion R 341 28 42 222 121 30 32 115 14.56   351 36 35 237 108 40 30 120 18.07
motion R 351 36 35 237 108 40 30 120 18.07   361 52 14 261 84 50 28 125 16.14
motion R 361 52 14 261 84 50 28 125 16.14   371 62 18 266 94 60 26 130 17.91
motion R 371 62 18 266 94 60 26 130 17.91   381 73 10 244 74 70 24 135 19.47
motion R 381 73 10 244 74 70 24 135 19.47   391 69 16 224 91 80 22 140 17.88
motion R 391 69 16 224 91 80 22 140 17.88   401 79 39 210 90 90 20 145 21.79
motion R 401 79 39 210 90 90 20 145 21.79   411 57 51 221 86 100 18 150 19.41
motion R 411 57 51 221 86 100 18 150 19.41   421 77 40 230 88 110 16 155 21.48
motion R 421 77 40 230 88 110 16 155 21.48   431 91 29 210 88 120 14 160 21.68
motion R 431 91 29 210 88 120 14 160 21.68   441 103 44 188 105 130 12 165 19.96
motion R 441 103 44 188 105 130 12 165 19.96   451 90 53 174 106 140 10 170 23.67
motion R 451 90 53 174 106 140 10 170 23.67   461 84 36 171 107 150 8 175 21.08
motion R 461 84 36 171 107 150 8 175 21.08   471 101 15 189 102 160 6 180 23.85
motion R 471 101 15 189 102 160 6 180 23.85   481 106 27 179 119 170 4 185 23.37
motion R 481 106 27 179 119 170 4 185 23.37   491 120 21 186 139 180 2 190 22.75
motion R 491 120 21 186 139 180 2 190 22.75   501 100 42 190 140 190 0 195 26.18
motion R 501 100 42 190 140 190 0 195 26.18   511 94 18 179 132 200 253 200 24.03
motion R 511 94 18 179 132 200 253 200 24.03   521 82 30 157 113 210 251 205 27.51
motion R 521 82 30 157 113 210 251 205 27.51   531 98 30 143 131 220 249 210 26.24
motion R 531 98 30 143 131 220 249 210 26.24   541 78 34 138 155 230 247 215 26.45
motion R 541 78 34 138 155 230 247 215 26.45   551 65 14 160 139 240 245 220 29.29
motion R 551 65 14 160 139 240 245 220 29.29   561 73 33 161 115 250 243 225 26.91
motion R 561 73 33 161 115 250 243 225 26.91   571 82 55 174 98 5 241 230 30.22
motion R 571 82 55 174 98 5 241 230 30.22   581 104 62 174 96 15 239 235 28.55
motion R 581 104 62 174 96 15 239 235 28.55   591 122 84 157 95 25 237 240 30.12
motion R 591 122 84 157 95 25 237 240 30.12   601 119 88 141 108 35 235 245 31.73
motion R 601 119 88 141 108 35 235 245 31.73   611 103 81 165 105 45 233 250 29.54
motion R 611 103 81 165 105 45 233 250 29.54   621 123 61 168 90 55 231 0 32.85
motion R 621 123 61 168 90 55 231 0 32.85   631 142 68 153 66 65 229 5 30.50
motion R 631 142 68 153 66 65 229 5 30.50   641 132 88 141 83 75 227 10 32.75
motion R 641 132 88 141 83 75 227 10 32.75   651 108 79 123 77 85 225 15 33.56
motion R 651 108 79 123 77 85 225 15 33.56   661 90 72 123 63 95 223 20 32.36
motion R 661 90 72 123 63 95 223 20 32.36   671 89 52 140 60 105 221 25 36.05
motion R 671 89 52 140 60 105 221 25 36.05   681 113 36 149 66 115 219 30 33.09
motion R 681 113 36 149 66 115 219 30 33.09   691 123 49 139 71 125 217 35 35.19
motion R 691 123 49 139 71 125 217 35 35.19   701 129 48 142 52 135 215 40 35.60
motion R 701 129 48 142 52 135 215 40 35.60   711 134 59 151 76 145 213 45 34.57
motion R 711 134 59 151 76 145 213 45 34.57   721 155 36 133 52 155 211 50 37.99
motion R 721 155 36 133 52 155 211 50 37.99   731 179 22 124 35 165 209 55 35.51
motion R 731 179 22 124 35 165 209 55 35.51   741 159 -1 147 40 175 207 60 38.68
motion R 741 159 -1 147 40 175 207 60 38.68   751 162 21 153 47 185 205 65 38.20
motion R 751 162 21 153 47 185 205 65 38.20   761 149 36 166 24 195 203 70 37.84
motion R 761 149 36 166 24 195 203 70 37.84   771 170 25 178 43 205 201 75 40.08
motion R 771 170 25 178 43 205 201 75 40.08   781 159 20 185 35 215 199 80 37.50
motion R 781 159 20 185 35 215 199 80 37.50   791 176 41 208 37 225 197 85 41.36
motion R 791 176 41 208 37 225 197 85 41.36   801 163 41 226 59 235 195 90 40.24
motion R 801 163 41 226 59 235 195 90 40.24   811 185 35 204 78 245 193 95 41.41
motion R 811 185 35 204 78 245 193 95 41.41   821 193 15 226 85 0 191 100 43.65
motion R 821 193 15 226 85 0 191 100 43.65   831 207 24 244 64 10 189 105 41.89
motion R 831 207 24 244 64 10 189 105 41.89   841 184 25 228 57 20 187 110 45.19
motion R 841 184 25 228 57 20 187 110 45.19   851 189 48 250 75 30 185 115 43.56
motion R 851 189 48 250 75 30 185 115 43.56   861 192 26 262 95 40 183 120 45.25
motion R 861 192 26 262 95 40 183 120 45.25   871 199 35 256 73 50 181 125 46.20
motion R 871 199 35 256 73 50 181 125 46.20   881 193 25 273 59 60 179 130 44.01
motion R 881 193 25 273 59 60 179 130 44.01   891 216 33 280 66 70 177 135 47.77
motion R 891 216 33 280 66 70 177 135 47.77   901 233 18 285 66 80 175 140 45.26
motion R 901 233 18 285 66 80 175 140 45.26   911 230 12 308 48 90 173 145 47.35
motion R 911 230 12 308 48 90 173 145 47.35   921 216 5 293 49 100 171 150 48.06
motion R 921 216 5 293 49 100 171 150 48.06   931 221 4 308 27 110 169 155 47.17
motion R 931 221 4 308 27 110 169 155 47.17   941 239 3 287 32 120 167 160 50.43
motion R 941 239 3 287 32 120 167 160 50.43   951 216 25 289 46 130 165 165 47.96
motion R 951 216 25 289 46 130 165 165 47.96   961 226 41 265 46 140 163 170 50.47
motion R 961 226 41 265 46 140 163 170 50.47   971 209 44 244 35 150 161 175 50.17
motion R 971 209 44 244 35 150 161 175 50.17   981 233 37 240 19 160 159 180 50.13
motion R 981 233 37 240 19 160 159 180 50.13   991 216 56 217 41 170 157 185 52.57
motion R 991 216 56 217 41 170 157 185 52.57   1001 221 51 239 22 180 155 190 50.20
