canvas 0 0 400 400
layer A
layer B
shape R rectangle B
shape C ellipse A
motion R 1 0 0 100 100 50 200 200 0.00   11 15.0 15.0 100 100 50 200 200 0.00
motion R 11 15.0 15.0 100 100 50 200 200 0.00   21 30.0 30.0 100 100 50 200 200 0.00
motion R 21 30.0 30.0 100 100 50 200 200 0.00   31 45.0 45.0 100 100 50 200 200 0.00
motion R 31 45.0 45.0 100 100 50 200 200 0.00   41 60.0 60.0 100 100 50 200 200 0.00
motion R 41 60.0 60.0 100 100 50 200 200 0.00   51 75.0 75.0 100 100 50 200 200 0.00
motion R 51 75.0 75.0 100 100 50 200 200 0.00   61 90.0 90.0 100 100 50 200 200 0.00
motion R 61 90.0 90.0 100 100 50 200 200 0.00   71 105.0 105.0 100 100 50 200 200 0.00
motion R 71 105.0 105.0 100 100 50 200 200 0.00   81 120.0 120.0 100 100 50 200 200 0.00
motion R 81 120.0 120.0 100 100 50 200 200 0.00   91 135.0 135.0 100 100 50 200 200 0.00
motion R 91 135.0 135.0 100 100 50 200 200 0.00   101 150.0 150.0 100 100 50 200 200 0.00
motion R 101 150.0 150.0 100 100 50 200 200 0.00   111 165.0 165.0 100 100 50 200 200 0.00
motion R 111 165.0 165.0 100 100 50 200 200 0.00   121 180.0 180.0 100 100 50 200 200 0.00
motion R 121 180.0 180.0 100 100 50 200 200 0.00   131 195.0 195.0 100 100 50 200 200 0.00
motion R 131 195.0 195.0 100 100 50 200 200 0.00   141 210.0 210.0 100 100 50 200 200 0.00
motion R 141 210.0 210.0 100 100 50 200 200 0.00   151 225.0 225.0 100 100 50 200 200 0.00
motion R 151 225.0 225.0 100 100 50 200 200 0.00   161 240.0 240.0 100 100 50 200 200 0.00
motion R 161 240.0 240.0 100 100 50 200 200 0.00   171 255.0 255.0 100 100 50 200 200 0.00
motion R 171 255.0 255.0 100 100 50 200 200 0.00   181 270.0 270.0 100 100 50 200 200 0.00
motion R 181 270.0 270.0 100 100 50 200 200 0.00   191 285.0 285.0 100 100 50 200 200 0.00
motion R 191 285.0 285.0 100 100 50 200 200 0.00   201 300.0 300.0 100 100 50 200 200 0.00
motion R 201 300.0 300.0 100 100 50 200 200 0.00   211 315.0 315.0 100 100 50 200 200 0.00
motion C 1 300 300 100 100 70 50 200 0.00   11 285.0 285.0 100 100 70 50 200 0.00
motion C 11 285.0 285.0 100 100 70 50 200 0.00   21 270.0 270.0 100 100 70 50 200 0.00
motion C 21 270.0 270.0 100 100 70 50 200 0.00   31 255.0 255.0 100 100 70 50 200 0.00
motion C 31 255.0 255.0 100 100 70 50 200 0.00   41 240.0 240.0 100 100 70 50 200 0.00
motion C 41 240.0 240.0 100 100 70 50 200 0.00   51 225.0 225.0 100 100 70 50 200 0.00
motion C 51 225.0 225.0 100 100 70 50 200 0.00   61 210.0 210.0 100 100 70 50 200 0.00
motion C 61 210.0 210.0 100 100 70 50 200 0.00   71 195.0 195.0 100 100 70 50 200 0.00
motion C 71 195.0 195.0 100 100 70 50 200 0.00   81 180.0 180.0 100 100 70 50 200 0.00
motion C 81 180.0 180.0 100 100 70 50 200 0.00   91 165.0 165.0 100 100 70 50 200 0.00
motion C 91 165.0 165.0 100 100 70 50 200 0.00   101 150.0 150.0 100 100 70 50 200 0.00
motion C 101 150.0 150.0 100 100 70 50 200 0.00   111 135.0 135.0 100 100 70 50 200 0.00
motion C 111 135.0 135.0 100 100 70 50 200 0.00   121 120.0 120.0 100 100 70 50 200 0.00
motion C 121 120.0 120.0 100 100 70 50 200 0.00   131 105.0 105.0 100 100 70 50 200 0.00
motion C 131 105.0 105.0 100 100 70 50 200 0.00   141 90.0 90.0 100 100 70 50 200 0.00
motion C 141 90.0 90.0 100 100 70 50 200 0.00   151 75.0 75.0 100 100 70 50 200 0.00
motion C 151 75.0 75.0 100 100 70 50 200 0.00   161 60.0 60.0 100 100 70 50 200 0.00
motion C 161 60.0 60.0 100 100 70 50 200 0.00   171 45.0 45.0 100 100 70 50 200 0.00
motion C 171 45.0 45.0 100 100 70 50 200 0.00   181 30.0 30.0 100 100 70 50 200 0.00
motion C 181 30.0 30.0 100 100 70 50 200 0.00   191 15.0 15.0 100 100 70 50 200 0.00
motion C 191 15.0 15.0 100 100 70 50 200 0.00   201 0.0 0.0 100 100 70 50 200 0.00
motion C 201 0.0 0.0 100 100 70 50 200 0.00   211 -15.0 -15.0 100 100 70 50 200 0.00
