canvas -200 -200 400 400
shape R rectangle
motion R 1 0 0 300 100 200 100 200 0.00   11 0 0 300 100 200 100 200 3.04
motion R 11 0 0 300 100 200 100 200 3.04   21 0 0 300 100 200 100 200 0.22
motion R 21 0 0 300 100 200 100 200 0.22   31 0 0 300 100 200 100 200 2.87
motion R 31 0 0 300 100 200 100 200 2.87   41 0 0 300 100 200 100 200 1.87
motion R 41 0 0 300 100 200 100 200 1.87   51 0 0 300 100 200 100 200 1.38
motion R 51 0 0 300 100 200 100 200 1.38   61 0 0 300 100 200 100 200 4.10
motion R 61 0 0 300 100 200 100 200 4.10   71 0 0 300 100 200 100 200 1.18
motion R 71 0 0 300 100 200 100 200 1.18   81 0 0 300 100 200 100 200 5.09
motion R 81 0 0 300 100 200 100 200 5.09   91 0 0 300 100 200 100 200 3.47
motion R 91 0 0 300 100 200 100 200 3.47   101 0 0 300 100 200 100 200 4.51
motion R 101 0 0 300 100 200 100 200 4.51   111 0 0 300 100 200 100 200 6.31
motion R 111 0 0 300 100 200 100 200 6.31   121 0 0 300 100 200 100 200 4.37
motion R 121 0 0 300 100 200 100 200 4.37   131 0 0 300 100 200 100 200 8.14
motion R 131 0 0 300 100 200 100 200 8.14   141 0 0 300 100 200 100 200 6.45
motion R 141 0 0 300 100 200 100 200 6.45   151 0 0 300 100 200 100 200 8.18
motion R 151 0 0 300 100 200 100 200 8.18   161 0 0 300 100 200 100 200 8.95
motion R 161 0 0 300 100 200 100 200 8.95   171 0 0 300 100 200 100 200 6.88
motion R 171 0 0 300 100 200 100 200 6.88   181 0 0 300 100 200 100 200 10.90
motion R 181 0 0 300 100 200 100 200 10.90   191 0 0 300 100 200 100 200 8.34
motion R 191 0 0 300 100 200 100 200 8.34   201 0 0 300 100 200 100 200 10.60
motion R 201 0 0 300 100 200 100 200 10.60   211 0 0 300 100 200 100 200 10.71
motion R 211 0 0 300 100 200 100 200 10.71   221 0 0 300 100 200 100 200 9.50
motion R 221 0 0 300 100 200 100 200 9.50   231 0 0 300 100 200 100 200 12.31
motion R 231 0 0 300 100 200 100 200 12.31   241 0 0 300 100 200 100 200 9.23
motion R 241 0 0 300 100 200 100 200 9.23   251 0 0 300 100 200 100 200 12.45
motion R 251 0 0 300 100 200 100 200 12.45   261 0 0 300 100 200 100 200 11.57
motion R 261 0 0 300 100 200 100 200 11.57   271 0 0 300 100 200 100 200 11.17
motion R 271 0 0 300 100 200 100 200 11.17   281 0 0 300 100 200 100 200 14.46
motion R 281 0 0 300 100 200 100 200 14.46   291 0 0 300 100 200 100 200 12.31
motion R 291 0 0 300 100 200 100 200 12.31   301 0 0 300 100 200 100 200 16.15
